% # columns="iter, evals, sigma, 0, fitness, xbest" seed=716976, Sat Apr 11 20:20:31 2020, <python>{}</python>
1 8 9.242649685435149 0 40.688101276458895 2.924568799567596 5.6704541252587966 2.3513184338422746
2 16 7.729604776017659 0 32.6699777751165 12.267426578876009 3.348773034522238 4.598106244875604
3 24 9.095828749478232 0 32.895101348733334 12.67358687225578 0.9392967325734807 16.317705293210324
4 32 7.261688582624764 0 79.12203253385735 1.5356193498633122 2.5845157371226186 1.8799415012110905
5 40 7.7349603473177275 0 19.686518350159012 8.333343629883114 3.235055639406891 5.953174968877649
6 48 6.785627985036626 0 4.650744543862978 0.131185047909691 4.559087597578726 5.587004448267926
7 56 6.613114242964094 0 17.512197135152604 5.9087491458484855 1.7214595012771634 11.614574188748872
8 64 5.994037989824572 0 23.594994527449465 8.23429688051597 3.279952027546996 5.487698576061332
9 72 5.049332236168661 0 3.288418739503604 0.6368678495770539 5.730658743640881 4.776683485788411
10 80 4.441136835142793 0 43.60894658017726 0.46770994066462357 1.9092370838530557 6.545949509194811
11 88 5.291454428572258 0 13.859037077493326 7.072593243159927 2.7208199193771083 7.860714573587021
12 96 4.879102934582789 0 42.83798434687228 3.2595153163023567 1.0989717306382203 11.629425337263639
13 104 5.684080046246354 0 8.885052472052992 7.665037635993388 1.6054081872638224 14.714039380917264
14 112 5.1128538787012845 0 25.383029331295088 6.174718380412978 2.6206416731020328 6.658738405055281
15 120 4.293946680214568 0 49.57203111499322 2.7779474643147966 1.9308277771787854 5.803926973972054
16 128 3.788857307519661 0 11.443006901361041 3.0268467842351896 3.335422521795388 6.7132148774449885
17 136 3.217925560670055 0 8.70858758451748 1.0307955226599592 3.1589440494130354 7.474875206958451
18 144 2.7195276268659736 0 7.8616487694098325 2.020133263478145 3.03900002982615 7.940133625561819
19 152 3.507512335311602 0 1.2830681407451676 0.17573754814217135 5.180324030733737 6.262624172575755
20 160 3.8495422262673613 0 3.853957132870308 0.8290322417500531 4.617333524273113 7.553340786651582
21 168 3.885854091051584 0 1.7880587384383422 0.4202930361239393 3.8202806035606764 8.56844226768361
22 176 3.523846042139704 0 1.5645055695903896 0.5349771030176236 4.005667611043314 7.913983504506422
23 184 3.2730372803277588 0 1.6134470503192564 0.45719913062806117 3.8555646833252855 8.350324481837495
24 192 3.587296657064069 0 3.757221583062533 0.966013496394557 2.9505795355070408 9.099077501582261
25 200 3.1901128713701397 0 1.4274147653570932 0.6106441139037916 3.075047466489761 10.14654235331107
26 208 2.361301195253916 0 1.3203140298805003 0.25292232588539654 3.242004346052512 10.094050616841445
27 216 2.3403585636695445 0 1.0395903605508687 0.2297391340320398 4.2226946986995095 7.364335392013518
28 224 1.9447637804893374 0 0.9414837536622939 0.20165639448673156 4.162113580407533 7.492370689005832
29 232 1.6180635211878187 0 0.5999976563781796 0.18079468445204816 2.9770187067194476 10.349413762615407
30 240 1.3929855140740828 0 0.3064128759947856 0.0912509975471681 3.4365957048874174 9.293542236318292
31 248 1.312722961578404 0 0.5909143894912502 0.15570388694869125 3.211887431800684 9.85604525996578
32 256 1.124691578117991 0 0.44608161891455345 0.04208791937577944 3.334174150998199 9.724627589938201
33 264 0.9317022413488438 0 0.10371517813816827 0.060959208935174286 3.2229461978287803 9.789136308020979
34 272 0.7397267601411973 0 0.1449010189977762 0.07670401794084783 3.331618032139503 9.472326164599417
35 280 0.7270067902380927 0 0.3514407336436506 0.12122637424976361 3.1507209517197796 9.958090846259962
36 288 0.7646985247408904 0 0.2441183644703348 0.07621376493219335 3.241715248992253 9.918134671584719
37 296 0.6960801083949223 0 0.2790924569167001 0.057224195235536866 3.4413039182184635 9.414626162001712
38 304 0.7304051381413788 0 0.21254474547312224 0.08560062900381235 3.344078891223243 9.478621318760172
39 312 0.7993805145230743 0 0.12353405005986616 0.05310184356618325 3.3242905989549985 9.486826324772245
40 320 0.7771091600419436 0 0.19945362116116985 0.09170509937354006 3.270189814890578 9.596235752886487
41 328 0.8362116243341928 0 0.09229154782281182 0.07023159636028664 3.32353753624261 9.28261061025444
42 336 0.9687724722306303 0 0.2789954409764706 0.07631671743638666 3.4627042671729744 8.638473169052599
43 344 0.7925655963113573 0 0.0830716339346361 0.06683292710376526 3.404890688104457 9.132426468222725
44 352 0.8899834024023625 0 0.08682240304184105 0.06231294280506851 3.213119693854683 9.768225871249738
45 360 0.7379896910982322 0 0.21705708033748988 0.09344799006041055 3.3403656855385018 9.376140078290096
46 368 0.6687647837064133 0 0.09749866998792946 0.05420247588925436 3.2356510081566356 9.589476923699433
47 376 0.6328544313596292 0 0.09915175272426582 0.05278207465794303 3.338299191717485 9.346100676910202
48 384 0.4915416167091554 0 0.07313240945237016 0.062487764150148 3.323889486230418 9.34981736992228
49 392 0.444051247011158 0 0.08734240171154627 0.0691493090692948 3.315023334541913 9.414825915960343
50 400 0.5313042863729724 0 0.08832808833178729 0.056140686126683007 3.257516969259273 9.47937899748111
51 408 0.48557778678178104 0 0.0742803593540157 0.06590642715738203 3.220254162712656 9.655608757310134
52 416 0.4567863947059215 0 0.07524229125454487 0.06716789237202335 3.207184343675529 9.687624505794549
53 424 0.3647312335760438 0 0.07501576416123498 0.06419267805890627 3.2689309084639313 9.533015036290328
54 432 0.3001125329236624 0 0.07522259004792323 0.06342721215682916 3.175122496500843 9.732343404779646
55 440 0.3041713437917501 0 0.07382414712120575 0.06568419428745235 3.1509665268416613 9.822551887749466
56 448 0.2367880301347099 0 0.07328582606566966 0.06339419968061855 3.198659793350679 9.68549647063878
57 456 0.2131805020384387 0 0.07351830563039001 0.06528294451598049 3.206832176913779 9.695034598994235
58 464 0.2015181564171154 0 0.07309965330103106 0.06569532331379047 3.1734915645114343 9.778782505878109
59 472 0.1883646776121599 0 0.07295448490333141 0.06467689288562524 3.170828004317653 9.801223543304255
60 480 0.17570272048517424 0 0.07292872021990912 0.06316811196091626 3.228920127510903 9.62324206398063
61 488 0.1511743957076812 0 0.07284225240089844 0.06420714558845407 3.2075781360797064 9.68136039784824
62 496 0.14445343377885342 0 0.07279756078335786 0.06405104952101122 3.2021372855134835 9.692350781623952
63 504 0.1454117502396454 0 0.07291401048548729 0.06493932545554178 3.1889305593655406 9.731984151405884
64 512 0.1394718194709099 0 0.07310817080303253 0.0648192467510809 3.2146030753468464 9.66173477538651
65 520 0.10973590953785302 0 0.07285277448875624 0.06429007119763361 3.2109301140175774 9.6669962178596
66 528 0.10704496005666449 0 0.07283845984072418 0.06440793155744083 3.1930764403696594 9.716256549008849
67 536 0.10211201966486178 0 0.0728282003481124 0.06452430706515225 3.1883019473280303 9.7320930015629
68 544 0.09036533946546522 0 0.0727943183437124 0.06378022750715408 3.2102219983343825 9.668463238881628
69 552 0.07567804717084843 0 0.07279440901235809 0.06399862424041267 3.2028871132792376 9.691770421175951
70 560 0.07059488230388791 0 0.0727989130055331 0.06403692567712584 3.191755801008741 9.724025337850465
71 568 0.07031215405209149 0 0.07280140493125362 0.06383324226817642 3.205697209730056 9.680394317984945
72 576 0.055901998724904534 0 0.07279442787613631 0.06370915094771962 3.2116987357288593 9.665012376860348
73 584 0.05118647911545585 0 0.07279473040960996 0.06369284427005122 3.212269582412239 9.662628742881868
