inter_12,inter_10,inter_8
0.0,0.0,0.0
0.0,0.0,0.0
0.0,0.0,0.0
0.0,0.0,0.0
0.0,0.0,0.0
0.0,0.0,0.0
0.0,0.0,0.0
0.0,0.0,0.0
0.0,0.0,0.0
0.0,0.0,0.0
0.0,0.0,0.0
0.0,0.0,0.0
0.0,0.0,0.0
0.0,0.0,0.0
0.0,0.0,0.0
0.0,0.0,0.0
0.0,0.0,0.0
0.0,0.0,0.0
0.0,0.0,0.0
0.0,0.0,0.0
0.0,0.0,0.0
0.0,0.0,0.0
0.0,0.0,0.0
0.0,0.0,0.0
0.0,0.0,0.0
0.0,0.0,0.0
0.0,0.0,0.0
0.0,0.0,0.0
0.0,0.0,0.0
0.0,0.0,0.0
0.0,0.0,0.0
0.0,0.0,0.0
0.0,0.0,0.0
0.0,0.0,0.0
0.0,0.0,0.0
0.0,0.0,0.0
0.0,0.0,0.0
0.0,0.0,0.0
0.0,0.0,0.0
0.0,0.0,0.0
0.0,0.0,0.0
0.0,0.0,0.0
0.0,0.0,0.0
0.0,0.0,0.0
0.0,0.0,0.0
0.0,0.0,0.0
0.0,0.0,0.0
0.0,0.0,0.0
0.0,0.0,0.0
0.0,0.0,0.0
0.0,0.0,0.0
0.0,0.0,0.0
0.0,0.0,0.0
0.0,0.0,0.0
0.0,0.0,0.0
0.0,0.0,0.0
0.0,0.0,0.0
0.0,0.0,0.0
0.0,0.0,0.0
0.0,0.0,0.0
0.0,0.0,0.0
0.0,0.0,0.0
0.0,0.0,0.0
0.0,0.0,0.0
0.0,0.0,0.0
0.0,0.0,0.0
0.0,0.0,0.0
0.0,0.0,0.0
0.0,0.0,0.0
0.0,0.0,0.0
0.0,0.0,0.0
0.0,0.0,0.0
0.0,0.0,0.0
0.0,0.0,0.0
0.0,0.0,0.0
0.0,0.0,0.0
0.0,0.0,0.0
0.0,0.0,0.0
0.0,0.0,0.0
0.0,0.0,0.0
0.0,0.0,0.0
0.0,0.0,0.0
0.0,0.0,0.0
0.0,0.0,0.0
0.0,0.0,0.0
0.0,0.0,0.0
0.0,0.0,0.0
0.0,0.0,0.0
0.0,0.0,0.0
0.0,0.0,0.0
0.0,0.0,0.0
0.0,0.0,0.0
0.0,0.0,0.0
0.0,0.0,0.0
0.0,0.0,0.0
0.0,0.0,0.0
0.0,0.0,0.0
0.0,0.0,0.0
0.0,0.0,0.0
0.0,0.0,0.0
0.0,0.0,0.0
0.0,0.0,0.0
0.0,0.0,0.0
0.0,0.0,0.0
0.0,0.0,0.0
0.0,0.0,0.0
0.0,0.0,0.0
0.0,0.0,0.0
0.0,0.0,0.0
0.0,0.0,0.0
0.0,0.0,0.0
0.0,0.0,0.0
0.0,0.0,0.0
0.0,0.0,0.0
0.0,0.0,0.0
0.0,0.0,0.0
0.0,0.0,0.0
0.0,0.0,0.0
0.0,0.0,0.0
0.0,0.0,0.0
0.0,0.0,0.0
0.0,0.0,0.0
0.0,0.0,0.0
0.0,0.0,0.0
0.0,0.0,0.0
0.0,0.0,0.0
0.0,0.0,0.0
0.0,0.0,0.0
0.0,0.0,0.0
0.0,0.0,0.0
0.0,0.0,0.0
0.0,0.0,0.0
0.0,0.0,0.0
0.0,0.0,0.0
0.0,0.0,0.0
0.0,0.0,0.0
0.0,0.0,0.0
0.0,0.0,0.0
0.0,0.0,0.0
0.0,0.0,0.0
0.0,0.0,0.0
0.0,0.0,0.0
0.0,0.0,0.0
0.0,0.0,0.0
0.0,0.0,0.0
0.0,0.0,0.0
0.0,0.0,0.0
0.0,0.0,0.0
0.0,0.0,0.0
0.0,0.0,0.0
0.0,0.0,0.0
0.0,0.0,0.0
0.0,0.0,0.0
0.0,0.0,0.0
0.0,0.0,0.0
0.0,0.0,0.0
0.0,0.0,0.0
0.0,0.0,0.0
0.0,0.0,0.0
0.0,0.0,0.0
0.0,0.0,0.0
0.0,0.0,0.0
0.0,0.0,0.0
0.0,0.0,0.0
0.0,0.0,0.0
0.0,0.0,0.0
0.0,0.0,0.0
0.0,0.0,0.0
0.0,0.0,0.0
0.0,0.0,0.0
0.0,0.0,0.0
0.0,0.0,0.0
0.0,0.0,0.0
0.0,0.0,0.0
0.0,0.0,0.0
0.0,0.0,0.0
0.0,0.0,0.0
0.0,0.0,0.0
0.0,0.0,0.0
0.0,0.0,0.0
0.0,0.0,0.0
0.0,0.0,0.0
0.0,0.0,0.0
0.0,0.0,0.0
0.0,0.0,0.0
0.0,0.0,0.0
0.0,0.0,0.0
0.0,0.0,0.0
0.0,0.0,0.0
0.0,0.0,0.0
0.0,0.0,0.0
0.0,0.0,0.0
0.0,0.0,0.0
0.0,0.0,0.0
0.0,0.0,0.0
0.0,0.0,0.0
0.0,0.0,0.0
0.0,0.0,0.0
0.0,0.0,0.0
0.0,0.0,0.0
0.0,0.0,0.0
0.0,0.0,0.0
0.0,0.0,0.0
0.0,0.0,0.0
0.0,0.0,0.0
0.0,0.0,0.0
0.0,0.0,0.0
0.0,0.0,0.0
0.0,0.0,0.0
0.0,0.0,0.0
0.0,0.0,0.0
0.0,0.0,0.0
0.0,0.0,0.0
0.0,0.0,0.0
0.0,0.0,0.0
0.0,0.0,0.0
0.0,0.0,0.0
0.0,0.0,0.0
0.0,0.0,0.0
0.0,0.0,0.0
0.0,0.0,0.0
0.0,0.0,0.0
0.0,0.0,0.0
0.0,0.0,0.0
0.0,0.0,0.0
0.0,0.0,0.0
0.0,0.0,0.0
0.0,0.0,0.0
0.0,0.0,0.0
0.0,0.0,0.0
0.0,0.0,0.0
0.0,0.0,0.0
0.0,0.0,0.0
0.0,0.0,0.0
0.0,0.0,0.0
0.0,0.0,0.0
0.0,0.0,0.0
0.0,0.0,0.0
0.0,0.0,0.0
0.0,0.0,0.0
0.0,0.0,0.0
0.0,0.0,0.0
0.0,0.0,0.0
0.0,0.0,0.0
0.0,0.0,0.0
0.0,0.0,0.0
0.0,0.0,0.0
0.0,0.0,0.0
0.0,0.0,0.0
0.0,0.0,0.0
0.0,0.0,0.0
0.0,0.0,0.0
0.0,0.0,0.0
0.0,0.0,0.0
0.0,0.0,0.0
0.0,0.0,0.0
0.0,0.0,0.0
0.0,0.0,0.0
0.0,0.0,0.0
0.0,0.0,0.0
0.0,0.0,0.0
0.0,0.0,0.0
0.0,0.0,0.0
0.0,0.0,0.0
0.0,0.0,0.0
0.0,0.0,0.0
0.0,0.0,0.0
0.0,0.0,0.0
0.0,0.0,0.0
0.0,0.0,0.0
0.0,0.0,0.0
0.0,0.0,0.0
0.0,0.0,0.0
0.0,0.0,0.0
0.0,0.0,0.0
0.0,0.0,0.0
0.0,0.0,0.0
0.0,0.0,0.0
0.0,0.0,0.0
0.0,0.0,0.0
0.0,0.0,0.0
0.0,0.0,0.0
0.0,0.0,0.0
0.0,0.0,0.0
0.0,0.0,0.0
0.0,0.0,0.0
0.0,0.0,0.0
0.0,0.0,0.0
0.0,0.0,0.0
0.0,0.0,0.0
0.0,0.0,0.0
0.0,0.0,0.0
0.0,0.0,0.0
0.0,0.0,0.0
0.0,0.0,0.0
0.0,0.0,0.0
0.0,0.0,0.0
0.0,0.0,0.0
0.0,0.0,0.0
0.0,0.0,0.0
0.0,0.0,0.0
0.0,0.0,0.0
0.0,0.0,0.0
0.0,0.0,0.0
0.0,0.0,0.0
0.0,0.0,0.0
0.0,0.0,0.0
0.0,0.0,0.0
0.0,0.0,0.0
0.0,0.0,0.0
0.0,0.0,0.0
0.0,0.0,0.0
0.0,0.0,0.0
0.0,0.0,0.0
0.0,0.0,0.0
0.0,0.0,0.0
0.0,0.0,0.0
0.0,0.0,0.0
0.0,0.0,0.0
0.0,0.0,0.0
0.0,0.0,0.0
0.0,0.0,0.0
0.0,0.0,0.0
0.0,0.0,0.0
0.0,0.0,0.0
0.0,0.0,0.0
0.0,0.0,0.0
0.0,0.0,0.0
0.0,0.0,0.0
0.0,0.0,0.0
0.0,0.0,0.0
0.00261,0.0,0.0
0.00522,0.0,0.0
0.00522,0.0,0.0
0.00522,0.0,0.0
0.00522,0.0,0.0
0.00522,0.0,0.0
0.00522,0.0,0.0
0.00522,0.0,0.0
0.00522,0.0,0.0
0.00522,0.0,0.0
0.010435,0.0,0.0
0.01565,0.0,0.0
0.01304,0.0,0.0
0.01043,0.0,0.0
0.01043,0.0,0.0
0.01043,0.0,0.0
0.014995000000000001,0.0,0.0
0.01956,0.0,0.0
0.018255,0.0,0.0
0.01695,0.0,0.0
0.018255,0.0,0.0
0.01956,0.0,0.0
0.018255,0.0,0.0
0.01695,0.0,0.0
0.022165,0.0,0.0
0.02738,0.0,0.0
0.026075,0.0,0.0
0.02477,0.0,0.0
0.029335,0.0,0.0
0.0339,0.0,0.0
0.033245,0.0,0.0
0.03259,0.0,0.0
0.033245,0.0,0.0
0.0339,0.0,0.0
0.035205,0.0,0.0
0.03651,0.0,0.0
0.03651,0.0,0.0
0.03651,0.0,0.0
0.043025,0.0,0.0
0.04954,0.0,0.0
0.048240000000000005,0.0,0.0
0.04694,0.0,0.0
0.049545000000000006,0.0,0.0
0.05215,0.0,0.0
0.056715,0.0,0.0
0.06128,0.0,0.0
0.06128,0.0,0.0
0.06128,0.0,0.0
0.063885,0.0,0.0
0.06649,0.0,0.0
0.067795,0.0,0.0
0.0691,0.0,0.0
0.07627,0.0,0.0
0.08344,0.0,0.0
0.08344,0.0,0.0
0.08344,0.0,0.0
0.08931,0.0,0.0
0.09518,0.0,0.0
0.09909,0.0,0.0
0.103,0.0,0.0
0.10886499999999999,0.0,0.0
0.11473,0.0,0.0
0.127115,0.0,0.0
0.1395,0.0,0.0
0.147325,0.0,0.0
0.15515,0.0,0.0
0.16101500000000002,0.0,0.0
0.16688,0.0,0.0
0.18057,0.0,0.0
0.19426,0.0,0.0
0.20729999999999998,0.0,0.0
0.22034,0.0,0.0
0.23142000000000001,0.0,0.0
0.2425,0.0,0.0
0.25163,0.0,0.0
0.26076,0.0,0.0
0.27836,0.0,0.0
0.29596,0.0,0.0
0.31617,0.0,0.0
0.33638,0.0,0.0
0.35202500000000003,0.0,0.0
0.36767,0.0,0.0
0.38331499999999996,0.0,0.0
0.39896,0.0,0.0
0.425035,0.0,0.0
0.45111,0.0,0.0
0.46936,0.0,0.0
0.48761,0.0,0.0
0.505865,0.0,0.0
0.52412,0.0,0.0
0.539115,0.0,0.0
0.55411,0.0,0.0
0.573015,0.0,0.0
0.59192,0.0,0.0
0.6134299999999999,0.0,0.0
0.63494,0.0,0.0
0.656455,0.0,0.0
0.67797,0.0,0.0
0.698175,0.0,0.0
0.71838,0.0,0.0
0.73207,0.0,0.0
0.74576,0.0,0.0
0.76532,0.001285,0.0
0.78488,0.00257,0.0
0.804435,0.00257,0.0
0.82399,0.00257,0.0
0.83833,0.004495,0.0
0.85267,0.00642,0.0
0.86636,0.004495,0.0
0.88005,0.00257,0.0
0.888525,0.001285,0.0
0.897,0.0,0.0
0.90678,0.001925,0.0
0.91656,0.00385,0.0
0.9237299999999999,0.0077,0.0
0.9309,0.01155,0.0
0.939375,0.016045,0.0
0.94785,0.02054,0.0
0.95502,0.0199,0.0
0.96219,0.01926,0.0
0.964145,0.022465,0.0
0.9661,0.02567,0.0
0.96871,0.023105,0.0
0.97132,0.02054,0.0
0.97262,0.025675,0.0
0.97392,0.03081,0.0
0.97392,0.03081,0.0
0.97392,0.03081,0.0
0.982395,0.03466,0.0
0.99087,0.03851,0.0
0.99087,0.04172,0.0
0.99087,0.04493,0.0
0.9928250000000001,0.042359999999999995,0.0
0.99478,0.03979,0.0
0.9928250000000001,0.042359999999999995,0.0
0.99087,0.04493,0.0
0.99087,0.048780000000000004,0.0
0.99087,0.05263,0.0
0.99413,0.05584,0.0
0.99739,0.05905,0.0
0.99739,0.064185,0.0
0.99739,0.06932,0.0
0.99739,0.07317000000000001,0.0
0.99739,0.07702,0.0
0.99283,0.08408,0.0
0.98827,0.09114,0.0
0.99283,0.095635,0.0
0.99739,0.10013,0.0
0.99739,0.10911499999999999,0.0
0.99739,0.1181,0.0
0.99283,0.12387499999999999,0.0
0.98827,0.12965,0.0
0.986965,0.141845,0.0
0.98566,0.15404,0.0
0.984355,0.165595,0.0
0.98305,0.17715,0.0
0.98566,0.191915,0.0
0.98827,0.20668,0.0
0.994135,0.21502,0.0
1.0,0.22336,0.0
0.9954350000000001,0.238125,0.0
0.99087,0.25289,0.0
0.99087,0.268295,0.0
0.99087,0.2837,0.0
0.9954350000000001,0.29846,0.0
1.0,0.31322,0.0
0.99739,0.33376,0.0
0.99478,0.3543,0.0
0.988915,0.362,0.0
0.98305,0.3697,0.0
0.981895,0.38896,0.0
0.98074,0.40822,0.0
0.9820249999999999,0.424905,0.0
0.98331,0.44159,0.0
0.980745,0.460845,0.0
0.97818,0.4801,0.0
0.98203,0.502565,0.0
0.98588,0.52503,0.0
0.9871650000000001,0.540435,0.0
0.98845,0.55584,0.0
0.9858800000000001,0.571885,0.0
0.98331,0.58793,0.0
0.984595,0.60783,0.0
0.98588,0.62773,0.0
0.9871650000000001,0.646345,0.0
0.98845,0.66496,0.0
0.98845,0.685495,0.0
0.98845,0.70603,0.0
0.9858800000000001,0.72208,0.0
0.98331,0.73813,0.0
0.9858800000000001,0.751605,0.0
0.98845,0.76508,0.0
0.98845,0.776635,0.0
0.98845,0.78819,0.0
0.9871650000000001,0.804235,0.0
0.98588,0.82028,0.0
0.98588,0.838255,0.0
0.98588,0.85623,0.0
0.98588,0.86329,0.0
0.98588,0.87035,0.0
0.9871650000000001,0.8818999999999999,0.0
0.98845,0.89345,0.0
0.99166,0.9017949999999999,0.0
0.99487,0.91014,0.0
0.990375,0.9172,0.0
0.98588,0.92426,0.0
0.98588,0.9326049999999999,0.0
0.98588,0.94095,0.0
0.984595,0.946725,0.0
0.98331,0.9525,0.0
0.991655,0.9525,0.0
1.0,0.9525,0.0
1.0,0.95956,0.0
1.0,0.96662,0.0
0.994225,0.967905,0.0
0.98845,0.96919,0.0
0.990375,0.974965,0.0
0.9923,0.98074,0.0
0.994865,0.9820249999999999,0.0
0.99743,0.98331,0.0
0.994865,0.980745,0.0
0.9923,0.97818,0.0
0.9935849999999999,0.98203,0.0
0.99487,0.98588,0.0
0.987805,0.9871650000000001,0.0
0.98074,0.98845,0.0
0.9820249999999999,0.9858800000000001,0.0
0.98331,0.98331,0.0
0.980745,0.984595,0.0
0.97818,0.98588,0.0
0.98203,0.9871650000000001,0.0
0.98588,0.98845,0.0
0.9871650000000001,0.98845,0.004635
0.98845,0.98845,0.00927
0.9858800000000001,0.9858800000000001,0.00861
0.98331,0.98331,0.00795
0.984595,0.9858800000000001,0.00861
0.98588,0.98845,0.00927
0.9871650000000001,0.98845,0.010595
0.98845,0.98845,0.01192
0.98845,0.9871650000000001,0.01192
0.98845,0.98588,0.01192
0.9858800000000001,0.98588,0.01192
0.98331,0.98588,0.01192
0.9858800000000001,0.98588,0.01457
0.98845,0.98588,0.01722
0.98845,0.9871650000000001,0.015895
0.98845,0.98845,0.01457
0.9871650000000001,0.99166,0.015895
0.98588,0.99487,0.01722
0.98588,0.990375,0.015895
0.98588,0.98588,0.01457
0.98588,0.98588,0.015895
0.98588,0.98588,0.01722
0.9871650000000001,0.984595,0.01987
0.98845,0.98331,0.02252
0.99166,0.991655,0.02252
0.99487,1.0,0.02252
0.990375,1.0,0.02252
0.98588,1.0,0.02252
0.98588,0.994225,0.025165
0.98588,0.98845,0.02781
0.984595,0.990375,0.03245
0.98331,0.9923,0.03709
0.991655,0.994865,0.03444
1.0,0.99743,0.03179
1.0,0.994865,0.035765
1.0,0.9923,0.03974
0.994225,0.9935849999999999,0.04106
0.98845,0.99487,0.04238
0.990375,0.987805,0.04106
0.9923,0.98074,0.03974
0.994865,0.9820249999999999,0.04371
0.99743,0.98331,0.04768
0.994865,0.980745,0.049005
0.9923,0.97818,0.05033
0.9935849999999999,0.98203,0.05033
0.99487,0.98588,0.05033
0.987805,0.9871650000000001,0.050995
0.98074,0.98845,0.05166
0.9820249999999999,0.9858800000000001,0.056955
0.98331,0.98331,0.06225
0.980745,0.984595,0.066225
0.97818,0.98588,0.0702
0.98203,0.9871650000000001,0.0702
0.98588,0.98845,0.0702
0.9871650000000001,0.98845,0.07086
0.98845,0.98845,0.07152
0.9858800000000001,0.9858800000000001,0.07682
0.98331,0.98331,0.08212
0.984595,0.9858800000000001,0.08874
0.98588,0.98845,0.09536
0.9871650000000001,0.98845,0.102645
0.98845,0.98845,0.10993
0.98845,0.9871650000000001,0.11125499999999999
0.98845,0.98588,0.11258
0.9858800000000001,0.98588,0.119865
0.98331,0.98588,0.12715
0.9858800000000001,0.98588,0.1351
0.98845,0.98588,0.14305
0.98845,0.9871650000000001,0.15298
0.98845,0.98845,0.16291
0.9871650000000001,0.99166,0.166885
0.98588,0.99487,0.17086
0.98588,0.990375,0.180795
0.98588,0.98588,0.19073
0.98588,0.98588,0.198675
0.98588,0.98588,0.20662
0.9871650000000001,0.984595,0.22318
0.98845,0.98331,0.23974
0.99166,0.991655,0.25166
0.99487,1.0,0.26358
0.990375,1.0,0.271525
0.98588,1.0,0.27947
0.98588,0.994225,0.293375
0.98588,0.98845,0.30728
0.984595,0.990375,0.32184999999999997
0.98331,0.9923,0.33642
0.991655,0.994865,0.349665
1.0,0.99743,0.36291
1.0,0.994865,0.378805
1.0,0.9923,0.3947
0.994225,0.9935849999999999,0.410595
0.98845,0.99487,0.42649
0.990375,0.987805,0.44636
0.9923,0.98074,0.46623
0.994865,0.9820249999999999,0.48212
0.99743,0.98331,0.49801
0.994865,0.980745,0.513245
0.9923,0.97818,0.52848
0.9935849999999999,0.98203,0.554305
0.99487,0.98588,0.58013
0.987805,0.9871650000000001,0.59404
0.98074,0.98845,0.60795
0.9820249999999999,0.9858800000000001,0.6284799999999999
0.98331,0.98331,0.64901
0.980745,0.984595,0.665565
0.97818,0.98588,0.68212
0.98203,0.9871650000000001,0.701985
0.98588,0.98845,0.72185
0.9871650000000001,0.98845,0.7417199999999999
0.98845,0.98845,0.76159
0.9858800000000001,0.9858800000000001,0.769535
0.98331,0.98331,0.77748
0.984595,0.9858800000000001,0.7907249999999999
0.98588,0.98845,0.80397
0.9871650000000001,0.98845,0.822515
0.98845,0.98845,0.84106
0.98845,0.9871650000000001,0.85232
0.98845,0.98588,0.86358
0.9858800000000001,0.98588,0.872185
0.98331,0.98588,0.88079
0.9858800000000001,0.98588,0.8953599999999999
0.98845,0.98588,0.90993
0.98845,0.9871650000000001,0.91258
0.98845,0.98845,0.91523
0.9871650000000001,0.99166,0.9271499999999999
0.98588,0.99487,0.93907
0.98588,0.990375,0.9430449999999999
0.98588,0.98588,0.94702
0.98588,0.98588,0.949005
0.98588,0.98588,0.95099
0.9871650000000001,0.984595,0.958275
0.98845,0.98331,0.96556
0.99166,0.991655,0.96821
0.99487,1.0,0.97086
0.990375,1.0,0.97417
0.98588,1.0,0.97748
0.98588,0.994225,0.98013
0.98588,0.98845,0.98278
0.984595,0.990375,0.98278
0.98331,0.9923,0.98278
0.991655,0.994865,0.984105
1.0,0.99743,0.98543
1.0,0.994865,0.984105
1.0,0.9923,0.98278
0.994225,0.9935849999999999,0.984105
0.98845,0.99487,0.98543
0.990375,0.987805,0.98874
0.9923,0.98074,0.99205
0.994865,0.9820249999999999,0.993375
0.99743,0.98331,0.9947
0.994865,0.980745,0.993375
0.9923,0.97818,0.99205
0.9935849999999999,0.98203,0.9946999999999999
0.99487,0.98588,0.99735
0.987805,0.9871650000000001,0.9960249999999999
0.98074,0.98845,0.9947
0.9820249999999999,0.9858800000000001,0.9960249999999999
0.98331,0.98331,0.99735
0.980745,0.984595,0.99735
0.97818,0.98588,0.99735
0.98203,0.9871650000000001,0.9960249999999999
0.98588,0.98845,0.9947
0.9871650000000001,0.98845,0.99735
0.98845,0.98845,1.0
0.9858800000000001,0.9858800000000001,0.998675
0.98331,0.98331,0.99735
0.984595,0.9858800000000001,0.99735
0.98588,0.98845,0.99735
0.9871650000000001,0.98845,0.990065
0.98845,0.98845,0.98278
0.98845,0.9871650000000001,0.984105
0.98845,0.98588,0.98543
0.9858800000000001,0.98588,0.98874
0.98331,0.98588,0.99205
0.9858800000000001,0.98588,0.993375
0.98845,0.98588,0.9947
0.98845,0.9871650000000001,0.993375
0.98845,0.98845,0.99205
0.9871650000000001,0.99166,0.9946999999999999
0.98588,0.99487,0.99735
0.98588,0.990375,0.9960249999999999
0.98588,0.98588,0.9947
0.98588,0.98588,0.9960249999999999
0.98588,0.98588,0.99735
0.9871650000000001,0.984595,0.99735
0.98845,0.98331,0.99735
0.99166,0.991655,0.9960249999999999
0.99487,1.0,0.9947
0.990375,1.0,0.99735
0.98588,1.0,1.0
0.98588,0.994225,0.998675
0.98588,0.98845,0.99735
0.984595,0.990375,0.99735
0.98331,0.9923,0.99735
0.991655,0.994865,0.990065
1.0,0.99743,0.98278
1.0,0.994865,0.984105
1.0,0.9923,0.98543
0.994225,0.9935849999999999,0.98874
0.98845,0.99487,0.99205
0.990375,0.987805,0.993375
0.9923,0.98074,0.9947
0.994865,0.9820249999999999,0.993375
0.99743,0.98331,0.99205
0.994865,0.980745,0.9946999999999999
0.9923,0.97818,0.99735
0.9935849999999999,0.98203,0.9960249999999999
0.99487,0.98588,0.9947
0.987805,0.9871650000000001,0.9960249999999999
0.98074,0.98845,0.99735
0.9820249999999999,0.9858800000000001,0.99735
0.98331,0.98331,0.99735
0.980745,0.984595,0.9960249999999999
0.97818,0.98588,0.9947
0.98203,0.9871650000000001,0.99735
0.98588,0.98845,1.0
0.9871650000000001,0.98845,0.998675
0.98845,0.98845,0.99735
0.9858800000000001,0.9858800000000001,0.99735
0.98331,0.98331,0.99735
0.984595,0.9858800000000001,0.990065
0.98588,0.98845,0.98278
0.9871650000000001,0.98845,0.984105
0.98845,0.98845,0.98543
0.98845,0.9871650000000001,0.98874
0.98845,0.98588,0.99205
0.9858800000000001,0.98588,0.993375
0.98331,0.98588,0.9947
0.9858800000000001,0.98588,0.993375
0.98845,0.98588,0.99205
0.98845,0.9871650000000001,0.9946999999999999
0.98845,0.98845,0.99735
0.9871650000000001,0.99166,0.9960249999999999
0.98588,0.99487,0.9947
0.98588,0.990375,0.9960249999999999
0.98588,0.98588,0.99735
0.98588,0.98588,0.99735
0.98588,0.98588,0.99735
0.9871650000000001,0.984595,0.9960249999999999
0.98845,0.98331,0.9947
0.99166,0.991655,0.99735
0.99487,1.0,1.0
0.990375,1.0,0.998675
0.98588,1.0,0.99735
0.98588,0.994225,0.99735
0.98588,0.98845,0.99735
0.984595,0.990375,0.990065
0.98331,0.9923,0.98278
0.991655,0.994865,0.984105
1.0,0.99743,0.98543
1.0,0.994865,0.98874
1.0,0.9923,0.99205
0.994225,0.9935849999999999,0.993375
0.98845,0.99487,0.9947
0.990375,0.987805,0.993375
0.9923,0.98074,0.99205
0.994865,0.9820249999999999,0.9946999999999999
0.99743,0.98331,0.99735
0.994865,0.980745,0.9960249999999999
0.9923,0.97818,0.9947
0.9935849999999999,0.98203,0.9960249999999999
0.99487,0.98588,0.99735
0.987805,0.9871650000000001,0.99735
0.98074,0.98845,0.99735
0.9820249999999999,0.9858800000000001,0.9960249999999999
0.98331,0.98331,0.9947
0.980745,0.984595,0.99735
0.97818,0.98588,1.0
0.98203,0.9871650000000001,0.998675
0.98588,0.98845,0.99735
0.9871650000000001,0.98845,0.99735
0.98845,0.98845,0.99735
0.9858800000000001,0.9858800000000001,0.990065
0.98331,0.98331,0.98278
0.984595,0.9858800000000001,0.984105
0.98588,0.98845,0.98543
0.9871650000000001,0.98845,0.98874
0.98845,0.98845,0.99205
0.98845,0.9871650000000001,0.993375
0.98845,0.98588,0.9947
0.9858800000000001,0.98588,0.993375
0.98331,0.98588,0.99205
0.9858800000000001,0.98588,0.9946999999999999
0.98845,0.98588,0.99735
0.98845,0.9871650000000001,0.9960249999999999
0.98845,0.98845,0.9947
0.9871650000000001,0.99166,0.9960249999999999
0.98588,0.99487,0.99735
0.98588,0.990375,0.99735
0.98588,0.98588,0.99735
0.98588,0.98588,0.9960249999999999
0.98588,0.98588,0.9947
0.9871650000000001,0.984595,0.99735
0.98845,0.98331,1.0
0.99166,0.991655,0.998675
0.99487,1.0,0.99735
0.990375,1.0,0.99735
0.98588,1.0,0.99735
0.98588,0.994225,0.990065
0.98588,0.98845,0.98278
0.984595,0.990375,0.984105
0.98331,0.9923,0.98543
0.991655,0.994865,0.98874
1.0,0.99743,0.99205
1.0,0.994865,0.993375
1.0,0.9923,0.9947
0.994225,0.9935849999999999,0.993375
0.98845,0.99487,0.99205
0.990375,0.987805,0.9946999999999999
0.9923,0.98074,0.99735
0.994865,0.9820249999999999,0.9960249999999999
0.99743,0.98331,0.9947
0.994865,0.980745,0.9960249999999999
0.9923,0.97818,0.99735
0.9935849999999999,0.98203,0.99735
0.99487,0.98588,0.99735
0.987805,0.9871650000000001,0.9960249999999999
0.98074,0.98845,0.9947
0.9820249999999999,0.9858800000000001,0.99735
0.98331,0.98331,1.0
0.980745,0.984595,1.0
0.97818,0.98588,1.0
0.98203,0.9871650000000001,1.0
0.98588,0.98845,1.0
0.9871650000000001,0.98845,1.0
0.98845,0.98845,1.0
0.9858800000000001,0.9858800000000001,1.0
0.98331,0.98331,1.0
0.984595,0.9858800000000001,1.0
0.98588,0.98845,1.0
0.9871650000000001,0.98845,1.0
0.98845,0.98845,1.0
0.994225,0.9871650000000001,1.0
1.0,0.98588,1.0
1.0,0.98588,1.0
1.0,0.98588,1.0
1.0,0.98588,1.0
1.0,0.98588,1.0
1.0,0.9929399999999999,1.0
1.0,1.0,1.0
1.0,1.0,1.0
1.0,1.0,1.0
1.0,1.0,1.0
1.0,1.0,1.0
1.0,1.0,1.0
1.0,1.0,1.0
1.0,1.0,1.0
1.0,1.0,1.0
1.0,1.0,1.0
1.0,1.0,1.0
1.0,1.0,1.0
1.0,1.0,1.0
1.0,1.0,1.0
1.0,1.0,1.0
1.0,1.0,1.0
1.0,1.0,1.0
1.0,1.0,1.0
1.0,1.0,1.0
1.0,1.0,1.0
1.0,1.0,1.0
1.0,1.0,1.0
1.0,1.0,1.0
1.0,1.0,1.0
1.0,1.0,1.0
1.0,1.0,1.0
1.0,1.0,1.0
1.0,1.0,1.0
1.0,1.0,1.0
1.0,1.0,1.0
1.0,1.0,1.0
1.0,1.0,1.0
1.0,1.0,1.0
1.0,1.0,1.0
1.0,1.0,1.0
1.0,1.0,1.0
1.0,1.0,1.0
1.0,1.0,1.0
1.0,1.0,1.0
1.0,1.0,1.0
1.0,1.0,1.0
1.0,1.0,1.0
1.0,1.0,1.0
1.0,1.0,1.0
1.0,1.0,1.0
1.0,1.0,1.0
1.0,1.0,1.0
1.0,1.0,1.0
1.0,1.0,1.0
1.0,1.0,1.0
1.0,1.0,1.0
1.0,1.0,1.0
1.0,1.0,1.0
1.0,1.0,1.0
1.0,1.0,1.0
1.0,1.0,1.0
1.0,1.0,1.0
1.0,1.0,1.0
1.0,1.0,1.0
1.0,1.0,1.0
1.0,1.0,1.0
1.0,1.0,1.0
1.0,1.0,1.0
1.0,1.0,1.0
1.0,1.0,1.0
1.0,1.0,1.0
1.0,1.0,1.0
1.0,1.0,1.0
1.0,1.0,1.0
1.0,1.0,1.0
1.0,1.0,1.0
1.0,1.0,1.0
1.0,1.0,1.0
1.0,1.0,1.0
1.0,1.0,1.0
1.0,1.0,1.0
1.0,1.0,1.0
1.0,1.0,1.0
1.0,1.0,1.0
1.0,1.0,1.0
1.0,1.0,1.0
1.0,1.0,1.0
1.0,1.0,1.0
1.0,1.0,1.0
1.0,1.0,1.0
1.0,1.0,1.0
1.0,1.0,1.0
1.0,1.0,1.0
1.0,1.0,1.0
1.0,1.0,1.0
1.0,1.0,1.0
1.0,1.0,1.0
1.0,1.0,1.0
1.0,1.0,1.0
1.0,1.0,1.0
1.0,1.0,1.0
1.0,1.0,1.0
1.0,1.0,1.0
1.0,1.0,1.0
