% # columns="iteration, evaluation, sigma, max axis length,  min axis length, all principle axes lengths  (sorted square roots of eigenvalues of C)", seed=716976, Sat Apr 11 20:20:31 2020
1 8 9.242649685435149 1.0000333338888951 1.0 1.0 1.0000166668055563 1.0000333338888951
2 16 7.729604776017659 1.0683548892449144 0.81078589386963 0.81078589386963 0.9680195719103435 1.0683548892449144
3 24 9.095828749478232 0.996673052429483 0.7832172774233551 0.7832172774233551 0.8366325121038181 0.996673052429483
4 32 7.261688582624764 1.1987763760979173 0.7421205524928469 0.7421205524928469 0.8619616478378983 1.1987763760979173
5 40 7.7349603473177275 1.1239196107970126 0.7219765015948187 0.7219765015948187 0.8090457207040032 1.1239196107970126
6 48 6.785627985036626 1.2751634454518082 0.6997552577975862 0.6997552577975862 0.774880145851575 1.2751634454518082
7 56 6.613114242964094 1.2355108702733846 0.6145550398789008 0.6145550398789008 0.7091828588310188 1.2355108702733846
8 64 5.994037989824572 1.0331187721953536 0.6622777695900828 0.6622777695900828 0.7010744966936744 1.0331187721953536
9 72 5.049332236168661 1.0179302104272563 0.5869092226441082 0.5869092226441082 0.68530899059354 1.0179302104272563
10 80 4.441136835142793 0.9734100148362458 0.5527849095694478 0.5527849095694478 0.6237072440400768 0.9734100148362458
11 88 5.291454428572258 0.953845433044912 0.48154815953739205 0.48154815953739205 0.589259325786626 0.953845433044912
12 96 4.879102934582789 0.8944837369705689 0.46687477932631005 0.46687477932631005 0.7439923528499899 0.8944837369705689
13 104 5.684080046246354 0.7827046456219178 0.44696864695376276 0.44696864695376276 0.7097847377261425 0.7827046456219178
14 112 5.1128538787012845 0.8854841351057823 0.38560176522768086 0.38560176522768086 0.6978746221064619 0.8854841351057823
15 120 4.293946680214568 0.924510380018655 0.32122283516455186 0.32122283516455186 0.6790969507178571 0.924510380018655
16 128 3.788857307519661 0.9492766520159884 0.2805767143642154 0.2805767143642154 0.616482219930594 0.9492766520159884
17 136 3.217925560670055 0.8934545353677834 0.2865513399821659 0.2865513399821659 0.5171708658894313 0.8934545353677834
18 144 2.7195276268659736 0.7978661613722658 0.25108435375268345 0.25108435375268345 0.5199557442429951 0.7978661613722658
19 152 3.507512335311602 0.724250231891328 0.24788594367084596 0.24788594367084596 0.4541096236785543 0.724250231891328
20 160 3.8495422262673613 0.7087878297273371 0.27458570399135385 0.27458570399135385 0.460352498129307 0.7087878297273371
21 168 3.885854091051584 0.6856078601412451 0.230743761576705 0.230743761576705 0.47964983223316 0.6856078601412451
22 176 3.523846042139704 0.6416312509458454 0.2285248624892307 0.2285248624892307 0.4777270869914809 0.6416312509458454
23 184 3.2730372803277588 0.6478044340474729 0.21984833190303277 0.21984833190303277 0.398077713082597 0.6478044340474729
24 192 3.587296657064069 0.6168172692044915 0.20315270730637483 0.20315270730637483 0.3856772497205827 0.6168172692044915
25 200 3.1901128713701397 0.6165054392897106 0.22621719365149676 0.22621719365149676 0.33258450856035576 0.6165054392897106
26 208 2.361301195253916 0.623898985353569 0.20216453908451076 0.20216453908451076 0.2847737854342391 0.623898985353569
27 216 2.3403585636695445 0.5750248522629822 0.1756791868838641 0.1756791868838641 0.2634157947190267 0.5750248522629822
28 224 1.9447637804893374 0.6428240023639619 0.16732391864742566 0.16732391864742566 0.23187171193691272 0.6428240023639619
29 232 1.6180635211878187 0.6336120612158715 0.13730893990819507 0.13730893990819507 0.221500621059397 0.6336120612158715
30 240 1.3929855140740828 0.6432654435023328 0.1212542970061168 0.1212542970061168 0.19770496265130558 0.6432654435023328
31 248 1.312722961578404 0.5889531574342334 0.1003717636961076 0.1003717636961076 0.19937998915491506 0.5889531574342334
32 256 1.124691578117991 0.5397609564504385 0.09341021156991214 0.09341021156991214 0.19685418928058163 0.5397609564504385
33 264 0.9317022413488438 0.48891479179297215 0.09101350047553697 0.09101350047553697 0.18443362518041903 0.48891479179297215
34 272 0.7397267601411973 0.4363843829221796 0.0861013268111859 0.0861013268111859 0.18016850288203642 0.4363843829221796
35 280 0.7270067902380927 0.4207535726296745 0.07864807231659099 0.07864807231659099 0.16775501640325288 0.4207535726296745
36 288 0.7646985247408904 0.3970598247334998 0.07546385411176784 0.07546385411176784 0.17163655399557454 0.3970598247334998
37 296 0.6960801083949223 0.3758527610832102 0.07842233434896481 0.07842233434896481 0.15995863478829878 0.3758527610832102
38 304 0.7304051381413788 0.3913958745874014 0.0729302502081232 0.0729302502081232 0.14345237931372948 0.3913958745874014
39 312 0.7993805145230743 0.4205907697330139 0.06871900362137852 0.06871900362137852 0.1365826033033269 0.4205907697330139
40 320 0.7771091600419436 0.3841982842428449 0.07211583007443022 0.07211583007443022 0.12484555341905539 0.3841982842428449
41 328 0.8362116243341928 0.3781627640905184 0.06511458490179527 0.06511458490179527 0.11134738093031954 0.3781627640905184
42 336 0.9687724722306303 0.41165889607949135 0.057202071310908716 0.057202071310908716 0.10163484461381846 0.41165889607949135
43 344 0.7925655963113573 0.46512321250684996 0.05700822501585151 0.05700822501585151 0.09557050365354101 0.46512321250684996
44 352 0.8899834024023625 0.45106284857289936 0.05403256973993713 0.05403256973993713 0.07811056701948976 0.45106284857289936
45 360 0.7379896910982322 0.512852381889015 0.05407034526604792 0.05407034526604792 0.07123970352682653 0.512852381889015
46 368 0.6687647837064133 0.4709705243657722 0.05150137164240169 0.05150137164240169 0.06546499555584837 0.4709705243657722
47 376 0.6328544313596292 0.46872821403673465 0.04614006185398649 0.04614006185398649 0.06049112322845283 0.46872821403673465
48 384 0.4915416167091554 0.44785887444140315 0.04492060395161635 0.04492060395161635 0.05396804653483487 0.44785887444140315
49 392 0.444051247011158 0.39073648589929877 0.0404847367761345 0.0404847367761345 0.05157611782903891 0.39073648589929877
50 400 0.5313042863729724 0.41793498969786586 0.03399308696708914 0.03399308696708914 0.04857371668742014 0.41793498969786586
51 408 0.48557778678178104 0.47623900840593913 0.029674886989546564 0.029674886989546564 0.052105313523067416 0.47623900840593913
52 416 0.4567863947059215 0.47302170246544917 0.026146422332138743 0.026146422332138743 0.04702267723961987 0.47302170246544917
53 424 0.3647312335760438 0.47722263460251346 0.023030098249962497 0.023030098249962497 0.0432255488911736 0.47722263460251346
54 432 0.3001125329236624 0.481128873024698 0.018256755385855347 0.018256755385855347 0.04185336292575936 0.481128873024698
55 440 0.3041713437917501 0.46330610455693066 0.01489664564370688 0.01489664564370688 0.04074900757953847 0.46330610455693066
56 448 0.2367880301347099 0.46938986609504363 0.013474214779191841 0.013474214779191841 0.03949211896373449 0.46938986609504363
57 456 0.2131805020384387 0.4088399142105476 0.01283476974951417 0.01283476974951417 0.03751752424333984 0.4088399142105476
58 464 0.2015181564171154 0.40356499258332856 0.011528399687491435 0.011528399687491435 0.035386074382875554 0.40356499258332856
59 472 0.1883646776121599 0.43990319660054866 0.010014307368921654 0.010014307368921654 0.0311838267147346 0.43990319660054866
60 480 0.17570272048517424 0.4689217301132435 0.009356664474824099 0.009356664474824099 0.030486812815920125 0.4689217301132435
61 488 0.1511743957076812 0.4986148185567176 0.007895444150476244 0.007895444150476244 0.028695691291802734 0.4986148185567176
62 496 0.14445343377885342 0.4483965630607481 0.007883434434790578 0.007883434434790578 0.025206697139708995 0.4483965630607481
63 504 0.1454117502396454 0.46110087864981053 0.006521287464859061 0.006521287464859061 0.026489109932926188 0.46110087864981053
64 512 0.1394718194709099 0.5026399238919889 0.0058656442635478655 0.0058656442635478655 0.023246203232314244 0.5026399238919889
65 520 0.10973590953785302 0.5326056279463173 0.005361450448631656 0.005361450448631656 0.021908631380770857 0.5326056279463173
66 528 0.10704496005666449 0.5227980352693533 0.005141722264567283 0.005141722264567283 0.017642064116275783 0.5227980352693533
67 536 0.10211201966486178 0.48657164747962994 0.005467440532065326 0.005467440532065326 0.016512790737850086 0.48657164747962994
68 544 0.09036533946546522 0.4896762166725303 0.00450365980821091 0.00450365980821091 0.01721729251831303 0.4896762166725303
69 552 0.07567804717084843 0.5073574886871192 0.00422016027960486 0.00422016027960486 0.014486694046993267 0.5073574886871192
70 560 0.07059488230388791 0.5014187684295964 0.0037563226108898577 0.0037563226108898577 0.012966899996962912 0.5014187684295964
71 568 0.07031215405209149 0.4840950739758407 0.003744882923891695 0.003744882923891695 0.0111230919853106 0.4840950739758407
72 576 0.055901998724904534 0.5122593488999507 0.0028027416863713357 0.0028027416863713357 0.012163376018113611 0.5122593488999507
73 584 0.05118647911545585 0.5007513810536188 0.002485724052839206 0.002485724052839206 0.011676708888400143 0.5007513810536188
